for a strand specific library.

Time to index all reads: 0 s
Time to classify all reads: 158.535 s

----------------------------------
           Some STATISTICS            

----------------------------------
Total number of reads analyzed: 3979970

Single: 3690791 (92.7341%)
Multiple: 149590 (3.75857%)
None: 25558 (0.642166%)
Duplication: 114031 (2.86512%)

----------------------------------
Explainable: 3933729 (98.8382%)

Repetition: 86948 (2.18464%)
Normal: 4662 (0.117137%)
Almost-Normal: 0 (0%)
Sequence-Errors: 1753785 (44.0653%)
SNV: 201473 (5.06217%)
Short-Indel: 5538 (0.139147%)
Splice: 1125313 (28.2744%)
Weak-Splice: 656 (0.0164825%)
Chimera: 16565 (0.416209%)
Paired-end Chimera: 80889 (2.0324%)
Bio-Undetermined: 2772677 (69.6658%)
Undetermined: 87336 (2.19439%)
