for a strand specific library.

Time to index all reads: 0 s
Time to classify all reads: 194.553 s

----------------------------------
           Some STATISTICS            

----------------------------------
Total number of reads analyzed: 5019094

Single: 4624408 (92.1363%)
Multiple: 182125 (3.62864%)
None: 46546 (0.927379%)
Duplication: 166015 (3.30767%)

----------------------------------
Explainable: 4952711 (98.6774%)

Repetition: 64527 (1.28563%)
Normal: 4047 (0.0806321%)
Almost-Normal: 0 (0%)
Sequence-Errors: 1745667 (34.7805%)
SNV: 223227 (4.44756%)
Short-Indel: 8572 (0.170788%)
Splice: 1510979 (30.1046%)
Weak-Splice: 685 (0.0136479%)
Chimera: 17318 (0.345042%)
Paired-end Chimera: 75911 (1.51244%)
Bio-Undetermined: 4055619 (80.8038%)
Undetermined: 80899 (1.61182%)
