for a strand specific library.

Time to index all reads: 0 s
Time to classify all reads: 132.137 s

----------------------------------
           Some STATISTICS            

----------------------------------
Total number of reads analyzed: 3170954

Single: 2893847 (91.2611%)
Multiple: 105310 (3.32108%)
None: 40848 (1.28819%)
Duplication: 130949 (4.12964%)

----------------------------------
Explainable: 3111160 (98.1143%)

Repetition: 44549 (1.40491%)
Normal: 3060 (0.0965009%)
Almost-Normal: 0 (0%)
Sequence-Errors: 1231157 (38.8261%)
SNV: 320045 (10.093%)
Short-Indel: 7372 (0.232485%)
Splice: 879282 (27.7293%)
Weak-Splice: 798 (0.0251659%)
Chimera: 24358 (0.76816%)
Paired-end Chimera: 138291 (4.36118%)
Bio-Undetermined: 2274628 (71.7332%)
Undetermined: 76780 (2.42135%)
