for a strand specific library.

Time to index all reads: 0 s
Time to classify all reads: 212.532 s

----------------------------------
           Some STATISTICS            

----------------------------------
Total number of reads analyzed: 5280510

Single: 4884343 (92.4976%)
Multiple: 167638 (3.17466%)
None: 51402 (0.973429%)
Duplication: 177127 (3.35435%)

----------------------------------
Explainable: 5202428 (98.5213%)

Repetition: 96911 (1.83526%)
Normal: 6344 (0.12014%)
Almost-Normal: 0 (0%)
Sequence-Errors: 1873909 (35.4873%)
SNV: 361259 (6.84137%)
Short-Indel: 6636 (0.12567%)
Splice: 1333575 (25.2547%)
Weak-Splice: 969 (0.0183505%)
Chimera: 29471 (0.558109%)
Paired-end Chimera: 161382 (3.05618%)
Bio-Undetermined: 4017358 (76.079%)
Undetermined: 104842 (1.98545%)
