for a strand specific library.

Time to index all reads: 0 s
Time to classify all reads: 153.591 s

----------------------------------
           Some STATISTICS            

----------------------------------
Total number of reads analyzed: 3776236

Single: 3512517 (93.0164%)
Multiple: 97239 (2.57502%)
None: 51314 (1.35887%)
Duplication: 115166 (3.04976%)

----------------------------------
Explainable: 3706369 (98.1498%)

Repetition: 43738 (1.15824%)
Normal: 3824 (0.101265%)
Almost-Normal: 0 (0%)
Sequence-Errors: 1442887 (38.2097%)
SNV: 299933 (7.94264%)
Short-Indel: 4259 (0.112784%)
Splice: 1094710 (28.9894%)
Weak-Splice: 678 (0.0179544%)
Chimera: 22188 (0.587569%)
Paired-end Chimera: 128565 (3.40458%)
Bio-Undetermined: 2828530 (74.9034%)
Undetermined: 72475 (1.91924%)
